[app/ui]
version = 6.0
modtime = 1406272194.564541000

[app/launcher]
version = 6.0
modtime = 1406272194.577025000
